Protein	LB	Root ECM	Root no ECM	Leaves ECM	Leaves no ECM	Xylem Sap
B0DNN6	1	1	1	0	0	0
B0DMH9	1	1	1	0	0	0
B0D708	1	1	1	0	0	0
B0CQ43	1	1	1	0	0	0
B0CYX0	1	1	1	0	0	0
B0CY47	1	1	1	0	0	0
B0D712	1	1	0	0	0	0
B0DHG8	1	1	1	0	0	0
B0D613	1	1	1	0	0	0
B0DMA1	1	1	1	0	0	0
B0CUF3	1	1	1	0	0	0
B0CVZ2	1	1	1	0	0	0
B0DZS7	1	1	1	0	0	0
B0DV26	1	1	1	0	0	0
B0DSQ0	1	1	0	0	0	0
B0CS71	1	1	1	0	0	0
B0D784	1	1	1	0	0	0
B0D7J4	1	1	1	0	0	0
B0DYJ2	1	1	1	0	0	0
B0DVM0	1	1	1	0	0	0
B0DBJ7	1	1	1	0	0	0
B0D332	1	1	1	0	0	0
B0DD31	1	1	1	0	0	0
B0CVX0	1	0	0	0	0	0
B0DAU2	1	1	1	0	0	0
B0DQ57	1	1	1	0	0	0
B0CY32	1	1	1	0	0	0
B0D8W1	1	1	1	0	0	0
B0CPD7	1	1	1	0	0	0
B0D2T0	1	1	0	0	0	0
B0D3G7	1	0	1	0	0	0
B0D6E6	1	1	1	0	0	0
B0D718	1	1	1	0	0	0
B0DG21	1	1	1	0	0	0
B0DVC7	1	1	1	0	0	0
B0CRM6	1	1	0	0	0	0
B0CSE6	1	1	1	0	0	0
B0CQQ5	1	1	1	0	0	0
B0DNS5	1	1	0	0	0	0
B0CVU9	1	1	1	0	0	0
B0D7Q7	1	1	1	0	0	0
B0DGW9	1	1	1	0	0	0
B0CU77	1	1	1	0	0	0
B0D3N5	1	1	1	0	0	0
B0DBD1	1	1	0	0	0	0
B0CWR9	1	1	1	0	0	0
B0DKE5	1	1	1	0	0	0
B0D3V9	1	0	0	0	0	0
B0CTY4	1	1	1	1	0	0
B0DMH8	1	1	1	0	0	0
B0CZI5	1	0	1	0	0	0
B0DZY0	1	1	1	0	0	0
B0CS08	1	1	1	0	0	0
B0CTV0	1	1	1	0	0	0
B0CS95	1	1	1	0	0	0
B0CYU2	1	1	1	0	0	0
B0DPX3	1	1	0	0	0	0
B0DDS9	1	1	1	0	0	0
B0DAQ8	1	1	0	0	0	0
B0D806	1	1	1	0	0	0
B0D3P6	1	1	1	0	0	0
B0D3X7	1	0	0	0	0	0
B0D7Y1	1	0	0	0	0	0
B0CVD7	1	1	1	0	0	0
B0D8V0	1	1	1	0	0	0
B0CSJ0	1	0	0	0	0	0
B0DPK2	1	1	0	0	0	0
B0DFD3	1	1	1	0	0	0
B0DZZ3	1	1	1	0	0	0
B0D174	1	1	1	0	0	0
B0DXX5	1	1	1	0	0	0
B0CPG5	1	0	0	0	0	0
B0CSN1	1	1	1	1	1	0
B0DTG5	1	1	0	0	0	0
B0DN91	1	0	0	0	0	0
B0E087	1	0	0	0	0	0
B0DEZ4	1	1	1	0	0	0
B0DZQ8	1	1	1	0	0	0
B0CU46	1	1	0	0	0	0
B0D8S9	1	1	1	0	0	0
B0DGK3	1	1	1	0	0	0
B0CQI0	1	1	0	0	0	0
B0CYJ4	1	1	1	0	0	0
B0CSV2	1	1	1	0	0	0
B0D709	1	1	0	0	0	0
Potri.010G218600.3.p	1	0	0	0	0	0
B0CYF1	1	0	0	0	0	0
B0CYE0	1	1	1	0	0	0
B0DAG6	1	1	0	0	0	0
B0DID0	1	1	1	0	0	0
B0D7C1	1	1	1	0	0	0
B0D0G4	1	0	0	0	0	0
B0DXK4	1	1	1	0	0	0
B0D1Q8	1	0	0	0	0	0
B0D5K1	1	1	1	0	0	0
B0CVY4	1	1	1	0	0	0
B0DWE4	1	1	1	0	0	0
B0DBT5	1	1	0	0	0	0
B0DVG5	1	1	1	0	0	0
B0DT82	1	1	1	0	0	0
B0CX64	1	1	1	0	0	0
B0CTQ2	1	0	1	0	0	0
B0CQX3	1	1	1	0	0	0
B0D8S7	1	1	0	0	0	0
B0CNM5	1	0	0	0	0	0
B0CYR7	1	0	0	0	0	0
B0D4A1	1	0	0	0	0	0
B0CXI9	1	1	1	0	0	0
B0E197	1	1	1	0	0	0
B0D5Q4	1	0	0	0	0	0
B0D6H6	1	1	1	0	0	0
B0CRB9	1	1	0	0	0	0
B0E169	1	0	0	0	0	0
B0CYJ6	1	0	0	0	0	0
B0DXN8	1	0	0	0	0	0
B0D6R1	1	1	0	0	0	0
B0D0A3	1	0	0	0	0	0
B0CUZ3	1	1	1	0	0	0
B0DJN7	1	1	0	0	0	0
B0D404	1	1	0	0	0	0
B0DI83	1	1	0	0	0	0
B0DMM3	1	1	0	0	0	0
B0DV28	1	1	0	0	0	0
B0DAK0	1	1	1	0	0	0
B0D3D9	1	1	1	0	0	0
B0D9Q9	1	0	0	0	0	0
B0DT27	1	1	0	0	0	0
B0CQY9	1	1	1	0	0	0
B0DS29	1	0	0	0	0	0
B0D974	1	1	0	0	0	0
B0CQA5	1	1	0	0	0	0
B0DUH1	1	1	1	0	0	0
B0DVC3	1	1	0	0	0	0
B0DFA1	1	1	1	0	0	0
B0CYU3	1	1	0	0	0	0
B0CRJ9	1	1	1	0	0	0
B0DMU6	1	0	0	0	0	0
B0DKA5	1	1	0	0	0	0
B0DA99	1	1	0	0	0	0
B0DSD4	1	1	1	0	0	0
B0E107	1	0	0	0	0	0
B0CTA3	1	0	0	0	0	0
B0CRV6	1	1	1	0	0	0
B0D6C8	1	1	0	0	0	0
B0CV32	1	0	0	0	0	0
B0CXP5	1	1	0	0	0	0
B0DD44	1	1	1	0	0	0
B0D1K0	1	1	0	0	0	0
B0DRC0	1	0	0	0	0	0
B0CX79	1	1	1	0	0	0
Potri.011G056600.3.p	1	0	0	0	0	0
B0D113	1	1	1	0	0	0
B0D6H5	1	1	1	0	0	0
B0D5Y7	1	1	1	0	0	0
B0CN80	1	1	1	0	0	0
B0D1I7	1	0	0	0	0	0
B0E1B3	1	1	1	0	0	0
B0DHY7	1	1	0	0	0	0
B0DH00	1	0	0	0	0	0
B0CQV1	1	1	1	0	0	0
B0CSP8	1	1	1	0	0	0
B0DQS0	1	1	1	0	0	0
B0DME6	1	1	0	0	0	0
B0D100	1	0	1	0	0	0
B0DSQ4	1	1	0	0	0	0
B0DKL9	1	1	1	0	0	0
B0DFI5	1	1	1	0	0	0
B0CRC8	1	1	0	0	0	0
B0D6A4	1	1	0	0	0	0
B0D7B5	1	1	1	0	0	0
B0DZR6	1	0	0	0	0	0
B0DHX7	1	0	0	0	0	0
B0CSX9	1	0	0	0	0	0
B0CUF7	1	0	0	0	0	0
B0CUB9	1	0	0	0	0	0
B0CS39	1	1	1	0	0	0
B0CYG2	1	1	1	0	0	0
B0CSR3	1	1	0	0	0	0
B0CSF7	1	0	0	0	0	0
B0DVG8	1	1	1	0	0	0
B0CRU6	1	1	1	0	0	0
B0CSF3	1	0	0	0	0	0
B0D921	1	0	0	0	0	0
B0D6E3	1	0	0	0	0	0
B0D3U0	1	0	0	0	0	0
B0CNR9	1	1	1	0	0	0
B0D4J0	1	0	0	0	0	0
B0CPD6	1	0	0	0	0	0
B0CXU8	1	0	0	0	0	0
B0DA02	1	0	0	0	0	0
B0DYD2	1	1	0	0	0	0
B0DBK5	1	1	0	0	0	0
Potri.013G006000.1.p	0	0	0	0	0	0
B0DWT7	1	1	1	0	0	0
B0CQQ9	1	0	0	0	0	0
B0DFL9	1	1	0	0	0	0
B0DCY7	1	0	0	0	0	0
B0D349	1	0	1	0	0	0
B0CQW6	1	0	0	0	0	0
B0DER5	1	1	0	0	0	0
B0D7K9	1	1	1	0	0	0
B0DCN1	1	1	0	0	0	0
B0CQG1	1	0	0	0	0	0
B0D0W1	1	0	0	0	0	0
B0CRW6	1	0	0	0	0	0
B0DCT7	1	0	0	0	0	0
B0DQ38	1	1	1	0	0	0
B0CUY6	1	0	0	0	0	0
B0D8D0	1	1	0	0	0	0
B0CP89	1	0	0	0	0	0
B0D9P9	1	0	0	0	0	0
B0DHW7	1	1	1	0	0	0
B0DYR5	1	0	0	0	0	0
B0CV80	1	0	1	0	0	0
B0CRF7	1	1	0	0	0	0
B0DKD0	1	0	0	0	0	0
B0D0Y7	1	0	0	0	0	0
B0DUB0	1	0	0	0	0	0
B0D7R2	1	0	0	0	0	0
B0E1B2	1	1	0	0	0	0
B0DI85	1	0	0	0	0	0
B0D9T0	1	0	0	0	0	0
B0DB30	1	0	0	0	0	0
B0CS24	1	0	0	0	0	0
B0CQI5	1	0	0	0	0	0
B0DKN5	1	0	0	0	0	0
B0E213	1	1	0	0	0	0
B0CV97	1	0	0	0	0	0
B0DBT3	1	0	0	0	0	0
B0DRH1	1	0	0	0	0	0
B0D3R7	1	0	0	0	0	0
B0CYT3	1	0	0	0	0	0
B0D1Q1	1	1	0	0	0	0
B0DT84	1	1	1	0	0	0
B0D8E5	1	0	0	0	0	0
B0D1A1	1	0	1	0	0	0
B0DMS0	1	0	0	0	0	0
B0D123	1	0	0	0	0	0
B0D4Q6	1	0	0	0	0	0
B0DAE7	1	0	0	0	0	0
B0D3C8	1	1	1	0	0	0
B0CSY2	1	0	0	0	0	0
B0DIB5	0	0	0	0	0	0
B0CQK4	1	0	0	0	0	0
B0CR52	1	1	0	0	0	0
B0CST1	1	1	1	0	0	0
B0CQY1	1	0	0	0	0	0
B0DW46	1	0	0	0	0	0
B0CSQ2	1	0	1	0	0	0
B0DZY2	1	1	0	0	0	0
B0DAB4	1	0	0	0	0	0
B0E279	1	0	0	0	0	0
B0D3T6	1	0	0	0	0	0
B0CXU6	1	0	0	0	0	0
B0D6M5	1	0	1	0	0	0
Potri.001G004600.1.p	1	0	0	0	0	0
B0CS60	1	0	0	0	0	0
B0DBK0	1	0	0	0	0	0
B0DSX8	1	0	0	0	0	0
B0DH61	1	0	0	0	0	0
B0CYD8	1	0	0	0	0	0
B0CU00	1	0	0	0	0	0
B0D7Z6	1	1	0	0	0	0
B0CPT3	1	0	0	0	0	0
B0CNM6	1	0	0	0	0	0
Potri.001G042600.1.p	1	0	0	0	0	0
B0DDM7	1	0	0	0	0	0
B0CSB7	1	1	1	0	0	0
B0DR66	1	0	0	0	0	0
B0DWL7	1	0	0	0	0	0
B0D4Q5	1	1	1	0	0	0
B0CQS7	1	0	0	0	0	0
B0CV55	1	0	0	0	0	0
B0D6X4	1	0	0	0	0	0
B0D4W5	1	0	0	0	0	0
B0DSQ7	1	0	0	0	0	0
B0DIV9	1	0	0	0	0	0
B0DD76	1	1	1	0	0	0
B0D0P1	1	1	1	0	0	0
B0CY01	1	0	0	0	0	0
B0D8Q1	1	0	0	0	0	0
B0DSQ2	1	0	0	0	0	0
B0CPI5	1	1	0	0	0	0
B0DFL0	1	0	0	0	0	0
B0D9T2	1	1	0	0	0	0
B0DRP0	1	1	1	0	0	0
B0CU50	1	0	0	0	0	0
B0E0C6	1	0	0	0	0	0
B0CPR2	1	0	0	0	0	0
B0DQ39	1	0	0	0	0	0
B0DBR1	0	0	1	0	0	0
B0DMN8	1	0	0	0	0	0
B0DBA8	1	0	0	0	0	0
B0E159	1	0	0	0	0	0
B0CQ39	1	1	1	0	0	0
B0CXK4	1	0	0	0	0	0
B0CWU6	1	0	0	0	0	0
B0DZX6	1	0	0	0	0	0
B0D1I9	1	0	0	0	0	0
B0CY90	1	0	0	0	0	0
B0CQT2	1	0	0	0	0	0
B0CR38	1	0	0	0	0	0
B0D7Q8	1	1	1	0	0	0
B0CZ96	1	0	0	0	0	0
B0CX21	1	0	0	0	0	0
B0DBE2	1	0	0	0	0	0
B0D692	1	0	0	0	0	0
B0DDQ3	1	0	0	0	0	0
B0D3Y6	1	0	0	0	0	0
B0CRX4	1	0	0	0	0	0
Potri.002G257500.1.p	1	0	0	0	0	0
B0DX54	1	0	0	0	0	0
B0CP91	1	1	0	0	0	0
B0DS66	1	0	0	0	0	0
B0DQ20	1	0	0	0	0	0
B0DAC1	1	0	0	0	0	0
B0D0H9	1	0	0	0	0	0
B0DIY2	1	0	0	0	0	0
B0D3I5	1	0	0	0	0	0
B0CTB8	1	0	0	0	0	0
B0CR29	1	0	0	0	0	0
B0D7U9	1	0	0	0	0	0
B0D8L2	1	0	0	0	0	0
B0CSU9	1	0	0	0	0	0
B0D7P7	1	0	0	0	0	0
B0CT62	1	0	0	0	0	0
B0CZ34	1	0	0	0	0	0
B0DAJ0	1	0	0	0	0	0
B0D9D9	1	0	0	0	0	0
B0CP28	1	0	0	0	0	0
B0DSG8	1	0	0	0	0	0
Potri.006G123200.1.p	1	1	1	1	1	1
B0CYP6	1	0	0	0	0	0
B0DLH6	1	0	0	0	0	0
B0CVU1	1	0	0	0	0	0
B0D5U6	1	0	0	0	0	0
B0CP26	1	0	0	0	0	0
B0CYA6	1	1	1	0	0	0
B0CWK7	1	0	0	0	0	0
B0CNH6	1	0	0	0	0	0
B0CUZ4	1	0	0	0	0	0
B0DKR4	1	0	0	0	0	0
B0CU49	1	0	0	0	0	0
B0D0A7	1	0	0	0	0	0
B0DKI0	1	1	1	0	0	0
B0E482	1	0	0	0	0	0
B0DKI3	1	0	1	0	0	0
B0D2P7	1	0	0	0	0	0
B0CTA1	1	1	1	0	0	0
B0CUX8	1	1	0	0	0	0
B0D0A1	1	0	0	0	0	0
B0CYV9	1	0	0	0	0	0
B0CRD7	1	0	0	0	0	0
B0D0H0	1	0	0	0	0	0
B0CQ48	1	1	1	0	0	0
B0CP55	1	0	0	0	0	0
B0CPU3	1	1	0	0	0	0
B0DG40	1	0	0	0	0	0
B0DNA7	1	0	0	0	0	0
B0DQT5	1	0	0	0	0	0
B0DAQ7	1	0	1	0	0	0
B0CZU8	1	1	0	0	0	0
B0DAD9	0	0	0	0	0	0
B0DQ95	1	0	0	0	0	0
B0DA62	1	0	0	0	0	0
B0D3S3	1	0	0	0	0	0
B0D6Q0	1	0	0	0	0	0
B0D194	1	0	0	0	0	0
B0D8T1	1	0	0	0	0	0
B0DA55	1	0	0	0	0	0
B0D1S0	1	0	0	0	0	0
B0D8N7	1	0	0	0	0	0
B0DQ33	1	0	0	0	0	0
B0CZP2	1	0	0	0	0	0
B0D7I5	1	0	0	0	0	0
B0DVC4	1	0	0	0	0	0
B0CYQ6	1	0	0	0	0	0
B0CPN8	1	1	0	0	0	0
B0D181	1	0	0	0	0	0
B0E0W3	1	0	0	0	0	0
B0E0Z0	1	0	0	0	0	0
B0DII1	1	0	0	0	0	0
B0D434	1	0	0	0	0	0
B0DVL9	1	0	0	0	0	0
B0CNH9	1	0	0	0	0	0
B0D231	1	0	0	0	0	0
B0D8C2	1	0	0	0	0	0
B0CXN8	1	0	0	0	0	0
B0E0P4	1	0	0	0	0	0
B0DXR3	1	1	0	0	0	0
B0D9T3	1	0	0	0	0	0
B0DB91	1	0	0	0	0	0
B0D232	1	1	0	0	0	0
B0CQR0	1	0	0	0	0	0
B0DZA7	1	1	0	0	0	0
B0DA56	1	0	0	0	0	0
B0D8D2	1	0	0	0	0	0
B0DBE3	1	0	0	0	0	0
B0DZX2	1	0	0	0	0	0
B0E1A0	1	0	0	0	0	0
B0DIP2	1	0	0	0	0	0
B0DZR5	1	0	1	0	0	0
B0DC38	1	0	0	0	0	0
Potri.001G455600.1.p	1	0	0	0	0	0
B0CR06	1	0	0	0	0	0
B0D6T2	1	0	0	0	0	0
B0CNT3	1	0	0	0	0	0
B0DWZ3	1	1	1	0	0	0
B0CSE4	1	1	1	0	0	0
B0CVX2	1	0	0	0	0	0
B0CTS9	1	0	0	0	0	0
B0CXC2	1	1	0	0	0	0
B0CND3	1	0	0	0	0	0
B0DIB3	1	0	0	0	0	0
B0CSS9	1	1	1	0	0	0
B0CZ06	1	0	0	0	0	0
B0DI78	1	1	0	0	0	0
B0CUY1	1	0	0	0	0	0
B0DEP4	1	0	0	0	0	0
B0CR37	1	0	0	0	0	0
B0CVR3	1	0	0	0	0	0
B0CR28	1	0	0	0	0	0
B0CUJ4	1	0	0	0	0	0
B0CXG9	1	0	0	0	0	0
B0CXF3	1	0	0	0	0	0
B0CTN7	1	0	0	0	0	0
B0DAB2	1	0	0	0	0	0
Potri.005G056700.1.p	0	0	0	0	0	0
B0DXN9	1	1	0	0	0	0
Potri.011G139200.1.p	1	0	0	0	0	0
B0CV79	1	1	1	0	0	0
B0CPR8	1	1	1	0	0	0
B0E552	1	1	1	0	0	0
B0DPX4	1	1	0	0	0	0
B0CYG8	1	0	0	0	0	0
B0CUD9	1	0	0	0	0	0
B0DI74	1	0	0	0	0	0
B0DUC0	1	0	0	0	0	0
B0D812	1	0	0	0	0	0
B0D7T7	1	0	0	0	0	0
B0D8J9	1	0	0	0	0	0
B0CR27	1	0	0	0	0	0
B0DLD0	1	1	1	0	0	0
B0CP36	1	0	0	0	0	0
B0DWT9	1	0	0	0	0	0
B0D125	1	0	0	0	0	0
B0DHZ5	1	0	0	0	0	0
Potri.001G156800.1.p	1	0	0	0	0	0
B0CV73	1	0	0	0	0	0
B0DBI9	1	0	0	0	0	0
B0D713	0	1	1	0	0	0
B0CRU3	1	0	0	0	0	0
B0DCD5	1	0	0	0	0	0
B0CSG7	1	0	1	0	0	0
Potri.003G208800.1.p	1	0	0	0	0	0
B0D1M7	1	1	0	0	0	0
B0D6W6	1	0	0	0	0	0
B0DBL2	1	0	0	0	0	0
B0DPK4	1	0	0	0	0	0
B0DBP2	1	1	1	0	0	0
B0CZR7	1	1	0	0	0	0
B0D843	1	1	1	0	0	0
B0D3P4	1	0	0	0	0	0
B0CQM3	1	0	0	0	0	0
B0CTZ7	1	1	1	0	0	0
B0CQ57	1	0	0	0	0	0
B0CUA1	1	1	0	0	0	0
Potri.018G009400.6.p	1	0	0	0	0	0
B0CY45	1	1	0	0	0	0
B0CQB2	1	0	0	0	0	0
B0DXK8	1	0	0	0	0	0
B0DU21	0	0	0	0	0	0
B0DJR8	1	1	0	0	0	0
B0CRG5	1	1	0	0	0	0
Potri.001G041300.1.p	0	1	1	0	0	0
Potri.011G118900.3.p	0	1	1	1	1	0
Potri.001G400100.5.p	0	1	1	1	1	0
Potri.019G100001.1.p	0	1	1	1	1	0
Potri.009G030800.2.p	0	1	1	0	1	0
Potri.018G090300.1.p	0	1	1	0	1	0
Potri.001G153000.1.p	0	1	0	1	1	0
B0DW43	0	1	0	0	0	0
Potri.010G236500.1.p	0	1	1	1	1	0
Potri.017G131100.1.p	0	1	1	0	1	0
B0DN19	0	1	1	0	0	0
Potri.004G196500.1.p	0	1	0	0	0	0
Potri.008G054700.1.p	0	1	1	0	0	0
Potri.007G116400.1.p	0	1	1	1	1	0
Potri.006G165700.3.p	0	1	1	0	0	1
Potri.003G081600.2.p	0	1	0	1	1	0
Potri.001G322300.1.p	0	1	1	0	0	0
Potri.010G171600.3.p	0	1	1	1	1	0
Potri.008G166800.2.p	0	1	1	0	0	0
B0D850	0	1	0	0	0	0
B0DXP4	0	1	1	0	0	0
B0D721	0	1	1	0	0	0
B0DRA4	0	1	0	0	0	0
B0D782	0	1	1	0	0	0
B0DM94	0	1	0	0	0	0
B0DP29	0	1	1	0	0	0
B0CV29	0	1	0	0	0	0
Potri.003G067000.1.p	0	1	1	0	0	0
Potri.001G267800.3.p	0	1	1	1	1	0
Potri.018G090100.1.p	0	1	1	1	0	1
Potri.001G008500.1.p	0	1	1	0	0	0
Potri.010G191900.3.p	0	1	1	0	1	0
Potri.008G194900.1.p	0	1	0	0	1	0
Potri.012G142600.3.p	0	1	0	1	1	0
Potri.011G027300.1.p	0	1	0	0	0	0
B0CP53	0	1	0	0	0	0
Potri.015G121600.2.p	0	1	0	0	0	0
Potri.004G085400.1.p	0	1	1	0	1	0
Potri.017G078200.1.p	0	1	1	1	1	0
Potri.006G117400.1.p	0	1	0	0	0	0
Potri.006G185000.1.p	0	1	1	0	0	0
Potri.011G024500.2.p	0	1	1	0	0	0
Potri.013G070600.3.p	0	1	0	0	0	0
Potri.014G032400.1.p	0	1	1	0	0	0
B0D0U4	0	1	0	0	0	0
Potri.004G160300.2.p	0	1	0	0	0	0
B0DVT9	0	1	0	0	0	0
Potri.005G001700.1.p	0	1	0	0	0	0
Potri.014G192601.1.p	0	1	1	1	1	0
Potri.013G000500.1.p	0	1	0	0	0	0
B0CSI2	0	1	0	0	0	0
Potri.001G357000.1.p	0	1	0	0	0	0
B0CNE8	0	1	1	0	0	0
Potri.009G027000.3.p	0	1	0	0	0	0
Potri.019G033700.1.p	0	1	0	0	0	0
Potri.010G185500.5.p	0	1	0	0	0	0
Potri.008G043800.1.p	0	1	0	0	0	0
Potri.001G278400.2.p	0	1	1	0	0	0
Potri.006G141200.1.p	0	1	1	0	0	0
B0DUH4	0	1	0	0	0	0
Potri.002G179500.1.p	0	1	0	0	0	0
Potri.011G026600.1.p	0	1	1	0	0	0
B0DQI1	0	1	1	0	0	0
Potri.018G019600.2.p	0	1	1	0	0	0
Potri.005G113900.1.p	0	1	1	0	0	0
B0E0F4	0	1	0	0	0	0
Potri.018G083500.1.p	0	1	1	1	1	1
Potri.012G074900.2.p	0	1	1	0	1	0
Potri.007G069300.1.p	0	1	0	0	0	0
Potri.009G116400.1.p	0	1	1	1	1	0
Potri.004G075200.1.p	0	1	0	0	0	0
B0DK83	0	1	0	0	0	0
B0CSV0	0	1	0	0	0	0
Potri.001G300900.1.p	0	1	0	0	0	0
Potri.003G161900.1.p	0	1	1	1	1	0
Potri.011G053600.2.p	0	1	1	0	0	0
Potri.011G125500.2.p	0	1	1	0	0	0
Potri.019G010400.1.p	0	1	0	1	1	1
Potri.005G093100.3.p	0	1	0	0	0	0
B0CS62	0	1	0	0	0	0
B0E252	0	1	0	0	0	0
B0DBJ8	0	1	0	0	0	0
B0CXP4	0	1	0	0	0	0
B0DGZ0	0	1	1	0	0	0
Potri.001G162800.1.p	0	1	0	0	0	0
Potri.008G131100.2.p	0	1	1	0	0	0
Potri.010G116600.1.p	0	1	1	0	0	0
B0DX29	0	1	1	0	0	0
Potri.016G017100.1.p	0	1	0	0	0	0
Potri.015G144700.1.p	0	1	0	0	0	0
Potri.001G309500.1.p	0	1	1	0	1	1
B0D882	0	1	0	0	0	0
B0CPR9	0	1	1	0	0	0
Potri.011G080500.2.p	0	1	1	0	0	0
B0CVU2	0	1	0	0	0	0
Potri.013G001150.1.p	0	0	0	1	1	0
B0CYN5	0	1	0	0	0	0
B0CQU7	0	1	1	0	0	0
Potri.001G167300.1.p	0	1	1	0	0	0
Potri.006G130900.2.p	0	1	0	1	1	0
B0D3G9	0	1	0	0	0	0
B0CXG6	0	1	0	0	0	0
Potri.018G070100.2.p	0	1	1	0	0	0
B0D8X8	0	1	0	0	0	0
Potri.003G058400.2.p	0	1	0	0	0	0
Potri.006G205700.2.p	0	1	0	0	0	0
B0CQ68	0	1	0	0	0	0
Potri.001G391900.7.p	0	1	0	0	0	0
Potri.005G083100.5.p	0	1	0	0	0	0
B0CW03	0	1	0	0	0	0
B0DEG6	0	1	1	0	0	0
Potri.002G081900.1.p	0	1	0	0	0	0
Potri.006G042200.1.p	0	1	0	0	0	0
Potri.007G069600.1.p	0	1	0	0	0	0
B0CY36	0	1	1	0	0	0
Potri.014G018900.1.p	0	1	0	0	0	1
Potri.010G100600.1.p	0	1	1	0	1	1
B0CVR9	0	1	0	0	0	0
Potri.019G059500.1.p	0	1	0	0	1	0
Potri.001G236400.2.p	0	1	0	0	0	0
B0DAU3	0	1	0	0	0	0
Potri.009G061600.1.p	0	1	0	0	0	0
Potri.010G181200.1.p	0	1	0	0	0	0
Potri.001G269600.1.p	0	1	0	0	0	0
B0DA94	0	1	0	0	0	0
Potri.003G086200.1.p	0	0	0	0	0	0
B0D477	0	1	0	0	0	0
Potri.006G060600.1.p	0	1	0	0	0	0
B0D3Q3	0	1	0	0	0	0
B0D888	0	1	0	0	0	0
B0D3J0	0	1	0	0	0	0
B0DFC4	0	1	0	0	0	0
B0DKF3	0	1	0	0	0	0
B0DCR0	0	1	0	0	0	0
B0DAS4	0	1	1	0	0	0
B0DKP3	0	1	0	0	0	0
B0CPP7	0	1	0	0	0	0
Potri.006G260200.4.p	0	1	0	0	0	0
B0CPC3	0	1	0	0	0	0
Potri.005G044800.2.p	0	1	0	0	0	0
B0CSJ6	0	1	0	0	0	0
B0DZ10	0	1	0	0	0	0
Potri.009G015400.2.p	0	1	0	0	0	0
Potri.005G145300.1.p	0	1	0	0	0	0
Potri.014G195700.1.p	0	1	0	0	0	0
Potri.009G062200.2.p	0	1	1	0	0	0
Potri.008G084400.1.p	0	1	0	0	1	0
B0DXX4	0	1	0	0	0	0
Potri.001G468100.1.p	0	0	0	1	1	0
Potri.016G071500.1.p	0	1	1	0	1	0
Potri.016G091600.1.p	0	1	0	0	0	0
B0CUH8	0	1	0	0	0	0
Potri.001G059900.1.p	0	1	0	0	0	0
Potri.006G085200.2.p	0	1	1	0	0	0
Potri.014G122800.2.p	0	1	1	0	0	0
B0CZL6	0	1	0	0	0	0
Potri.014G176100.1.p	0	0	0	0	0	0
Potri.013G131200.2.p	0	1	1	0	0	0
Potri.018G119500.1.p	0	1	1	1	1	0
B0DD70	0	1	1	0	0	0
B0E4H9	0	1	0	0	0	0
Potri.009G018600.1.p	0	1	1	0	0	0
B0DQH5	0	1	0	0	0	0
Potri.014G177500.1.p	0	1	0	1	1	0
B0CSQ7	0	1	1	0	0	0
B0DLI9	0	1	0	0	0	0
Potri.005G248100.1.p	0	1	1	0	0	1
B0D3B2	0	1	0	0	0	0
Potri.009G089300.1.p	0	1	0	1	1	0
B0D934	0	1	0	0	0	0
B0D7M5	0	1	0	0	0	0
Potri.008G030550.2.p	0	1	0	1	1	0
B0CQ42	0	1	0	0	0	0
B0DQ55	0	1	0	0	0	0
Potri.010G033500.1.p	0	1	0	0	0	0
Potri.010G206600.1.p	0	1	0	0	0	0
Potri.002G000600.1.p	0	1	0	0	0	0
Potri.005G146800.1.p	0	1	0	0	1	0
Potri.010G205700.1.p	0	1	0	0	0	0
Potri.010G074000.2.p	0	1	0	0	0	0
Potri.010G171500.1.p	0	1	0	1	1	0
B0DTQ8	0	0	0	0	0	0
Potri.011G025200.1.p	0	1	0	0	0	0
Potri.011G031300.1.p	0	1	0	1	1	0
Potri.017G014800.1.p	0	1	0	0	1	0
Potri.015G034700.1.p	0	1	1	0	0	0
B0CPP0	0	0	1	0	0	0
Potri.010G074000.3.p	0	0	1	0	0	0
B0DG13	0	0	1	0	0	0
B0DKZ4	0	0	1	0	0	0
Potri.006G138600.3.p	0	0	1	1	1	0
B0CR41	0	0	1	0	0	0
Potri.008G060800.2.p	0	0	1	0	0	0
Potri.019G083300.5.p	0	0	1	0	0	0
Potri.005G056800.1.p	0	0	0	0	0	0
Potri.001G367600.2.p	0	0	1	0	0	0
B0CTT0	0	0	1	0	0	0
B0D0M0	0	0	1	0	0	0
B0CYV8	0	0	1	0	0	0
Potri.016G089500.1.p	0	0	1	0	0	0
Potri.010G187800.2.p	0	0	0	0	0	0
Potri.008G055300.2.p	0	0	0	0	0	0
Potri.010G162800.1.p	0	0	1	0	0	0
Potri.002G147000.1.p	0	0	1	0	0	0
Potri.012G111100.3.p	0	0	1	0	0	0
Potri.001G278800.2.p	0	0	0	0	1	0
Potri.010G175000.1.p	0	0	1	1	1	0
Potri.002G216400.1.p	0	0	1	0	0	0
Potri.014G161300.1.p	0	0	1	0	0	0
Potri.003G161200.1.p	0	0	1	0	0	0
Potri.010G200500.1.p	0	0	0	1	1	0
Potri.005G130400.1.p	0	0	0	1	1	0
Potri.003G222400.1.p	0	0	0	1	1	0
Potri.002G138300.1.p	0	0	0	1	1	0
Potri.008G058500.1.p	0	0	0	1	1	0
Potri.007G033700.1.p	0	0	0	1	1	0
Potri.014G106400.9.p	0	0	0	1	1	0
Potri.001G256900.1.p	0	0	0	1	1	0
Potri.002G012000.1.p	0	0	0	1	1	0
11241	0	0	0	1	1	0
Potri.005G239300.1.p	0	0	0	1	1	0
Potri.002G253800.2.p	0	0	0	1	1	0
Potri.005G206200.1.p	0	0	0	1	1	0
Potri.004G213400.1.p	0	0	0	1	1	0
Potri.018G083900.2.p	0	0	0	1	0	0
Potri.001G438700.2.p	0	0	0	1	1	0
Potri.001G390400.2.p	0	0	0	1	1	0
Potri.011G148000.1.p	0	0	0	1	0	0
11240	0	0	0	1	1	0
Potri.007G105900.5.p	0	0	0	1	1	0
Potri.001G100100.1.p	0	0	0	1	1	0
Potri.008G084500.1.p	0	0	0	1	1	0
Potri.004G218400.1.p	0	0	0	1	1	0
Potri.010G089400.1.p	0	0	0	1	1	0
Potri.011G142200.1.p	0	0	0	1	0	0
Potri.008G055500.2.p	0	0	0	1	1	0
Potri.004G031500.1.p	0	0	0	1	1	0
Potri.009G052500.1.p	0	0	0	1	1	0
Potri.002G052400.2.p	0	0	0	1	1	0
Potri.009G009300.1.p	0	0	0	1	1	0
Potri.013G128300.5.p	0	0	0	1	1	0
Potri.002G157700.2.p	0	0	0	1	1	0
11265	0	0	0	1	1	0
Potri.015G105100.3.p	0	0	0	1	1	0
Potri.004G091200.1.p	0	0	0	1	1	0
Potri.004G100000.2.p	0	0	0	1	1	0
Potri.016G136100.1.p	0	0	0	1	1	0
Potri.015G062100.3.p	0	0	0	1	0	0
Potri.002G215100.4.p	0	0	0	1	1	0
Potri.005G063300.4.p	0	0	0	1	1	0
Potri.002G186300.1.p	0	0	0	1	1	0
Potri.005G058400.1.p	0	0	0	1	1	0
Potri.002G055700.2.p	0	0	0	1	1	0
Potri.016G108900.1.p	0	0	0	1	1	0
Potri.002G214800.2.p	0	0	0	1	1	0
Potri.005G186800.1.p	0	0	0	1	1	0
Potri.001G067800.1.p	0	0	0	1	1	0
Potri.002G065000.1.p	0	0	0	1	1	0
Potri.006G255600.1.p	0	0	0	1	1	0
Potri.014G068200.2.p	0	0	0	1	1	0
Potri.002G073000.1.p	0	0	0	1	1	0
Potri.003G121600.1.p	0	0	0	1	1	0
Potri.003G065300.1.p	0	0	0	1	1	0
Potri.001G081500.3.p	0	0	0	1	1	0
11228	0	0	0	1	1	0
Potri.001G110200.1.p	0	0	0	1	1	0
Potri.007G065700.1.p	0	0	0	1	0	0
Potri.010G161300.7.p	0	0	0	1	1	0
Potri.005G026500.1.p	0	0	0	1	1	0
11217	0	0	0	1	1	0
Potri.005G040800.1.p	0	0	0	1	1	0
Potri.017G072800.5.p	0	0	0	1	1	0
Potri.019G087300.1.p	0	0	0	1	1	0
Potri.013G102100.1.p	0	0	0	1	1	0
Potri.005G191400.4.p	0	0	0	1	1	0
Potri.017G041700.7.p	0	0	0	1	1	0
Potri.002G046400.2.p	0	0	0	1	1	0
Potri.T099400.1.p	0	0	0	1	1	0
Potri.002G256400.2.p	0	0	0	1	1	0
Potri.015G052200.5.p	0	0	0	1	1	0
Potri.014G063400.1.p	0	0	0	1	0	0
Potri.010G051700.3.p	0	0	0	0	1	0
Potri.008G043100.1.p	0	0	0	1	1	0
Potri.003G091500.2.p	0	0	0	1	1	0
Potri.016G028000.1.p	0	0	0	1	1	0
Potri.001G142600.1.p	0	0	0	1	1	0
Potri.015G066000.4.p	0	0	0	1	0	0
Potri.018G055300.1.p	0	0	0	1	1	0
Potri.002G083500.4.p	0	0	0	1	1	0
Potri.018G092732.1.p	0	0	0	1	1	0
Potri.001G351400.1.p	0	0	0	1	1	0
Potri.001G209600.4.p	0	0	0	1	1	0
Potri.010G066900.1.p	0	0	0	1	0	0
Potri.008G200100.3.p	0	0	0	1	1	0
Potri.016G135400.1.p	0	0	0	1	1	0
Potri.003G128600.2.p	0	0	0	1	1	0
Potri.006G087700.1.p	0	0	0	1	0	0
Potri.002G150700.1.p	0	0	0	1	1	0
Potri.006G059200.1.p	0	0	0	1	1	0
Potri.010G219100.1.p	0	0	0	1	1	0
Potri.010G096000.1.p	0	0	0	1	0	0
Potri.017G108300.1.p	0	0	0	1	1	0
Potri.012G018100.1.p	0	0	0	1	0	0
Potri.004G162400.1.p	0	0	0	1	1	0
Potri.009G041100.1.p	0	0	0	1	1	0
Potri.004G086500.1.p	0	0	0	1	1	0
Potri.003G123101.1.p	0	0	0	1	0	0
Potri.012G139500.1.p	0	0	0	1	0	0
Potri.005G040100.3.p	0	0	0	1	1	0
Potri.007G034300.1.p	0	0	0	1	1	0
Potri.008G074600.7.p	0	0	0	1	0	0
11251	0	0	0	1	0	0
Potri.015G143600.1.p	0	0	0	1	0	0
Potri.014G175600.2.p	0	0	0	1	1	0
Potri.008G151600.1.p	0	0	0	1	0	0
Potri.010G219500.2.p	0	0	0	1	1	0
Potri.010G161200.1.p	0	0	0	1	1	0
Potri.011G032900.3.p	0	0	0	1	1	0
Potri.002G056300.1.p	0	0	0	1	1	0
Potri.019G028200.1.p	0	0	0	1	1	0
Potri.010G027400.3.p	0	0	0	1	0	0
Potri.013G142800.1.p	0	0	0	1	0	0
Potri.014G071700.1.p	0	0	0	1	1	0
Potri.001G244800.1.p	0	0	0	1	1	0
Potri.001G002500.2.p	0	0	0	1	1	0
Potri.003G089300.2.p	0	0	0	1	1	0
Potri.006G263300.2.p	0	0	0	1	0	0
Potri.001G136900.2.p	0	0	0	1	0	0
Potri.001G249600.1.p	0	0	0	1	1	0
Potri.018G076200.1.p	0	0	0	1	1	0
Potri.010G221100.4.p	0	0	0	1	1	0
Potri.002G262300.2.p	0	0	0	1	0	0
Potri.011G006800.1.p	0	0	0	1	1	0
Potri.014G174400.1.p	0	0	0	1	0	0
Potri.005G226500.10.p	0	0	0	0	0	0
Potri.018G032100.1.p	0	0	0	1	1	0
Potri.003G052500.1.p	0	0	0	1	0	0
Potri.010G238300.1.p	0	0	0	1	1	0
Potri.006G202000.1.p	0	0	0	1	0	0
Potri.005G173800.2.p	0	0	0	1	0	0
B0DA38	0	0	0	1	0	0
Potri.006G142600.1.p	0	0	0	1	1	0
Potri.011G109500.1.p	0	0	0	0	1	0
Potri.003G192800.1.p	0	0	0	0	1	0
Potri.017G114600.1.p	0	0	0	0	1	0
Potri.004G162966.1.p	0	0	0	0	1	0
Potri.005G246100.1.p	0	0	0	0	1	0
Potri.004G175800.2.p	0	0	0	0	1	0
Potri.005G200300.1.p	0	0	0	0	1	0
Potri.019G072500.1.p	0	0	0	0	1	0
Potri.002G195200.1.p	0	0	0	0	1	0
Potri.018G102700.1.p	0	0	0	0	1	0
Potri.004G123700.2.p	0	0	0	0	1	0
Potri.002G016000.1.p	0	0	0	0	1	0
Potri.007G055600.1.p	0	0	0	0	1	0
Potri.008G202100.2.p	0	0	0	0	1	0
Potri.001G304000.1.p	0	0	0	0	1	0
Potri.003G099400.3.p	0	0	0	0	1	0
Potri.018G079700.1.p	0	0	0	0	1	0
Potri.013G027900.1.p	0	0	0	0	1	0
Potri.005G254100.7.p	0	0	0	0	1	0
Potri.003G036600.4.p	0	0	0	0	1	0
Potri.009G065900.1.p	0	0	0	0	1	0
Potri.016G096600.1.p	0	0	0	0	1	0
Potri.018G063200.5.p	0	0	0	0	1	0
Potri.007G015500.1.p	0	0	0	0	1	0
Potri.001G144800.1.p	0	0	0	0	1	0
Potri.006G082300.1.p	0	0	0	0	1	0
Potri.017G152700.1.p	0	0	0	0	1	0
Potri.001G348900.18.p	0	0	0	0	1	0
Potri.006G088200.1.p	0	0	0	0	1	0
Potri.004G145800.1.p	0	0	0	0	0	0
Potri.014G140500.2.p	0	0	0	0	1	0
Potri.009G028001.1.p	0	0	0	0	1	0
Potri.004G173700.1.p	0	0	0	0	1	0
Potri.002G146300.1.p	0	0	0	0	1	0
Potri.015G040200.1.p	0	0	0	0	1	0
Potri.014G058500.1.p	0	0	0	0	1	0
Potri.014G010500.1.p	0	0	0	0	1	0
Potri.014G096500.2.p	0	0	0	0	0	0
Potri.003G157100.2.p	0	0	0	0	1	0
Potri.012G020700.2.p	0	0	0	0	1	0
Potri.008G121100.1.p	0	0	0	0	1	0
Potri.009G037000.1.p	0	0	0	0	1	0
Potri.003G126100.1.p	0	0	0	0	1	0
Potri.006G067600.1.p	0	0	0	0	1	0
Potri.010G036900.1.p	0	0	0	0	1	0
Potri.015G062700.2.p	0	0	0	0	0	0
Potri.006G275000.1.p	0	0	0	0	1	0
Potri.015G058600.2.p	0	0	0	0	1	0
Potri.006G231800.1.p	0	0	0	0	1	0
Potri.018G030700.1.p	0	0	0	0	0	1
Potri.014G114700.1.p	0	0	0	0	0	1
Potri.001G462800.1.p	0	0	0	0	0	1
Potri.012G006400.1.p	0	0	0	0	0	1
Potri.002G111900.1.p	0	0	0	0	0	1
Potri.001G423500.1.p	0	0	0	0	0	1
Potri.006G130900.1.p	0	0	0	0	0	1
Potri.001G018200.1.p	0	0	0	0	0	1
Potri.010G196300.1.p	0	0	0	0	0	1
Potri.017G059300.1.p	0	0	0	0	0	1
Potri.017G059400.1.p	0	0	0	0	0	1
Potri.001G202800.1.p	0	0	0	0	0	1
Potri.013G106000.1.p	0	0	0	0	0	1
Potri.010G159800.2.p	0	0	0	0	0	1
Potri.004G153200.3.p	0	0	0	0	0	1
Potri.015G003100.4.p	0	0	0	0	0	1
Potri.007G106300.1.p	0	0	0	0	0	1
Potri.002G018600.2.p	0	0	0	0	0	1
Potri.009G153900.1.p	0	0	0	0	0	1
Potri.014G162800.1.p	0	0	0	0	0	1
Potri.009G095800.1.p	0	0	0	0	0	1
Potri.008G061800.1.p	0	0	0	0	0	1
Potri.017G029000.4.p	0	0	0	0	0	1
Potri.001G246900.1.p	0	0	0	0	0	1
Potri.004G155300.2.p	0	0	0	0	0	1
Potri.005G215800.1.p	0	0	0	0	0	1
Potri.001G036900.1.p	0	0	0	0	0	1
Potri.001G320400.2.p	0	0	0	0	0	1
Potri.002G120400.1.p	0	0	0	0	0	1
